X,spot_id,barcode,x,y,B cell,DC,Fibroblast,ILC,Keratinocytes,Lymphatic endothelium,Macrophage,Mast cell,Melanocyte,Mural cell,Schwann cell,T cell,Vascular endothelium
15x34,15x34,CCAGTTCACAGCGTTA,15,34,0.07803515084799519,0.057470404334661676,0.05481098600803713,0.03710872361838018,0.2237120195426798,0.04904363708030665,0.05109419880729607,0.08511202374238008,0.05269794073005408,0.03689741870767005,0.1832071858865114,0.05637424266393303,0.03443606803009458
34x34,34x34,AAGGTACACAGCGTTA,34,34,0.04468470644731269,0.0885019984223948,0.1095393633229383,0.03346583769384319,0.14509540207021837,0.03920817038742535,0.053449878846899994,0.09629573806548433,0.057892296784638024,0.02495940503864923,0.19303556559586132,0.04800467988444612,0.06586695743988845
19x30,19x30,CAATGGAACAACCACA,19,30,0.09661221289552789,0.0645911336240645,0.07323931354329256,0.0407150306317089,0.2279281449397514,0.04104274158301417,0.05341048472863904,0.09350264890101109,0.058055670984764954,0.030811051378120388,0.14667561041476104,0.03746881790629037,0.03594713846905354
31x35,31x35,ACCTCCAACATACCAA,31,35,0.08514052332091704,0.061555808287931,0.04636795518047674,0.031085215986506726,0.24552051012641954,0.05549476771563028,0.04986691768145116,0.06466669711324143,0.05449526670790517,0.033245290163748144,0.17559751532307608,0.02626485517567004,0.07069867721702673
6x22,6x22,CTGGCATAACGTATCA,6,22,0.07705336325396708,0.034450762971940156,0.07460512916631618,0.02124784985548309,0.2553118829095617,0.04640039537079211,0.06431516301795949,0.08367333341873581,0.05555495731471429,0.07585850007383321,0.1564623270475707,0.03341009561233362,0.021656239986792662
16x33,16x33,CATACCAACACTTCGA,16,33,0.07946404737611198,0.06352594445116218,0.07268046069800826,0.03471587395768667,0.26656737188325635,0.05777531138008304,0.04556627222142995,0.07895458398245107,0.07047649547054537,0.03799645573518749,0.11527693812438017,0.03410012323106564,0.04290012148863175
1x27,1x27,GCCACATAAGTCACTA,1,27,0.0485422292145039,0.060025355193060174,0.0609761875251527,0.031182001467009675,0.23322053312481744,0.047303659876329715,0.05646275290685085,0.08647872371932254,0.0840491507771032,0.052695228497882184,0.17694969595190665,0.029795788486224016,0.03231869325983686
23x37,23x37,ATCCTGTACCGAAGTA,23,37,0.07860323219167917,0.06027300798224113,0.06681006235238615,0.04528793302771383,0.22816103740162072,0.05680256661257614,0.06491837006362604,0.07884968712281065,0.06942522086251218,0.03413817785712036,0.13136928398319914,0.037471693161828336,0.047889727380686024
7x43,7x43,CTGAGCCACTCAATGA,7,43,0.0765741535583496,0.05112029529663181,0.09386157975264292,0.03394267337039462,0.2759886244373185,0.04306993621265265,0.03269354621125336,0.07628812046320854,0.04718798423355045,0.039977489074472024,0.1251179605053956,0.037439005122142696,0.06673863176198731
35x43,35x43,AAGACGGACTCAATGA,35,43,0.10175680039637866,0.030476760445809804,0.0852007769847644,0.02557201613431711,0.11547722481554407,0.048067992316445554,0.027175375598518594,0.0920164236082687,0.07275221866730805,0.02175698589911039,0.24484032978049097,0.028795965086067816,0.10611113026697575
34x9,34x9,AAGGTACACGCTGATC,34,9,0.06925806527467215,0.05239107187795445,0.06064011361055122,0.035227349985652856,0.2590503190596667,0.03358774208634902,0.050143633007948475,0.07803935663306553,0.059478309972819346,0.02317287370530683,0.2002244566595218,0.036759678871827225,0.04202702925466435
25x34,25x34,AGCAGGAACAGCGTTA,25,34,0.09107383052273996,0.06449399106224128,0.07638538113991591,0.037315962671187836,0.21269096904800078,0.03417051810928599,0.07380724986150203,0.10672701667197926,0.05904092556326154,0.031961412387634065,0.11291543065141627,0.04613652003243986,0.05328079227839518
25x14,25x14,AGCAGGAAAACCGAGA,25,14,0.03528695677711596,0.05226201361138565,0.03647841348473345,0.019733090772531867,0.27085673252901904,0.03671219101191791,0.05599822564882976,0.08491687750816188,0.08471929858730443,0.030861382046728707,0.24122331235505412,0.01749165354766112,0.033459852119556294
10x35,10x35,CGACTGGACATACCAA,10,35,0.09498688662465332,0.05084640495818042,0.06401234397821842,0.021364953962287606,0.18952934391127615,0.04843233101563847,0.04709459564783447,0.11501821692351263,0.06551029020409484,0.0285060046629788,0.1747947625237999,0.023625801514574198,0.0762780640729509
21x30,21x30,CAACCACACAACCACA,21,30,0.0656431036396557,0.046494824281701645,0.06640646657421592,0.03798608506465053,0.2606622246154799,0.05430496384602026,0.03612713702754419,0.09193581003879522,0.06014766285466514,0.033822365831656986,0.16326370016517439,0.04460807258071614,0.03859758347972381
30x29,30x29,ACGCTCGAATTGAGGA,30,29,0.08183299509907548,0.06922971529946481,0.07537772787947919,0.02691827757197804,0.22039723946484444,0.030558985588010835,0.03360826392482081,0.07248986473436664,0.061845614291721744,0.06173457208540436,0.1600212382752165,0.024580478667850267,0.08140502711776679
24x24,24x24,AGTCACTAAGAGTCAA,24,24,0.05348207157664493,0.04704289800334704,0.0728979041115476,0.02827250231197758,0.26930583759847937,0.04801920490669692,0.04058492651720299,0.07725660845667558,0.09530233685174747,0.03492966892056838,0.16569501364519057,0.024887149099357374,0.042323878000564134
29x12,29x12,ACGTATCAAGTACAAG,29,12,0.026796115429905697,0.06724683377227302,0.08095922762085313,0.014308625691738155,0.2774202344570076,0.09719216477452289,0.025986624866137637,0.07532241846640896,0.048655189544241646,0.03811857633756166,0.21175675544611083,0.019445862726992624,0.016791370866246064
39x36,39x36,AGTACAAGCCAGTTCA,39,36,0.11418274638062742,0.04532202313698391,0.056723462885165006,0.02632465366899623,0.2761257332502226,0.023894751682155515,0.030461948789784223,0.07525502936127659,0.05039701132423615,0.022352888757115007,0.14730876269537016,0.03744263713133329,0.09420835093673387
17x34,17x34,CAGCGTTACAGCGTTA,17,34,0.09780146387963476,0.04396397349301422,0.07903857111407785,0.031349249555758144,0.2450440004051322,0.04589659351017889,0.06273992665752241,0.08908969430427648,0.06467146132297369,0.043587024265060254,0.12936565911987086,0.0262311946165371,0.04122118775596314
23x30,23x30,ATCCTGTACAACCACA,23,30,0.08824267892392465,0.05410422406086775,0.06715800491727524,0.03214395056923971,0.2276807559810952,0.09787212086815608,0.046847293629266505,0.07938674032123129,0.0504051233513069,0.04345169084293674,0.14087878805485712,0.032499029859245646,0.039329598620597137
50x1,50x1,AACGTGATAACGTGAT,50,1,0.07064276442415071,0.05999482602236021,0.07626594251560961,0.033274776260396766,0.2053729370006665,0.06401290174465575,0.05210276607152743,0.08700471436158086,0.06451540731660389,0.04751597254954948,0.1683051754282285,0.03207110246326253,0.03892071384140756
20x33,20x33,GACTAGTACACTTCGA,20,33,0.08595209609979626,0.06090680870597557,0.04642397615967873,0.039039542702394354,0.23542172683332296,0.04118760017325659,0.04437209812124723,0.07471930987554884,0.060054799685028165,0.03143411583554552,0.16833514481038744,0.04094029001071975,0.07121249098709856
16x48,16x48,CATACCAAGAGCTGAA,16,48,0.06507559284118616,0.06249409110206299,0.09049424232385615,0.0405774207437824,0.21846406951879047,0.04113165151771682,0.057779970171942086,0.08418174679201854,0.09412831807590512,0.030280948523776913,0.13317325750728692,0.04510832460065077,0.03711036628102472
17x38,17x38,CAGCGTTACCGTGAGA,17,38,0.08038942136100466,0.04655266331243447,0.0645655916675169,0.04017381377251502,0.246092113022434,0.04188615103785007,0.05200625726648289,0.09111290361530265,0.05208238343071219,0.033485032617484645,0.17895595695553068,0.03380966500343385,0.038888046937297895
33x8,33x8,ACACAGAACATCAAGT,33,8,0.051830450227477225,0.05638234451774152,0.1042318540580941,0.03428642319257964,0.22035946439877666,0.04522222124078786,0.029343444824718963,0.07217710406518307,0.07376030527829934,0.044199250785642664,0.14484986406786662,0.028835789430824023,0.09452148391200836
24x36,24x36,AGTCACTACCAGTTCA,24,36,0.06271581481625381,0.03102379173138725,0.07898361788579025,0.02580009819175075,0.2777380242915999,0.0861241485062415,0.0627264615012508,0.07243143225548891,0.0750571507399944,0.028385429495688324,0.13724674883103544,0.02658999174678491,0.035177290006733884
7x39,7x39,CTGAGCCACCTCCTGA,7,39,0.04022506270034851,0.02831434432390014,0.0847140845124886,0.022662506541219336,0.266134040780914,0.06358997473187743,0.03909559961228601,0.06361094783309983,0.0465597318219987,0.03117158297208593,0.2507889873902816,0.030375538130456292,0.032757598649043804
30x50,30x50,ACGCTCGAGCCACATA,30,50,0.04938726645150366,0.03536028379854246,0.08794003341709285,0.04772923945463649,0.22257643331986743,0.05855754570859603,0.05415329766902968,0.08899052400846592,0.06927311048668527,0.03587494304233238,0.14847345832053974,0.057450985143096454,0.04423287917961153
28x40,28x40,ACTATGCACGAACTTA,28,40,0.05895753872852869,0.06159863516940448,0.07017000392102303,0.04117053117129047,0.22509404884576054,0.04564207325590779,0.04554726312030668,0.09072052285737343,0.07587609656165227,0.04789937370364218,0.16494765450637708,0.036489344727581585,0.03588691343115168
19x36,19x36,CAATGGAACCAGTTCA,19,36,0.07389293864120806,0.0705277678799938,0.07027364703340094,0.03892998490632109,0.22528612419731522,0.059882186552883465,0.05125927367065614,0.08674808577189075,0.06568968838326233,0.03465196344681536,0.14208781632017708,0.03923687891920663,0.04153364427686904
22x33,22x33,ATTGAGGACACTTCGA,22,33,0.0875207408744971,0.09409137577581465,0.08137950394315621,0.03839329691458417,0.2599569049680966,0.03938703143587398,0.03760119050048633,0.08481405940326432,0.04858095224219217,0.030539275718045416,0.11597724794824411,0.03613116833880742,0.04562725193693748
9x49,9x49,CGCATACAGATAGACA,9,49,0.05738094188724962,0.07865355902659352,0.06784663086752425,0.035545639241251925,0.24093971121760901,0.05382681170063899,0.037313029539836624,0.07302420500376826,0.08062533715845477,0.043089692647615384,0.14605947285468662,0.037453726321785806,0.04824124253298524
24x43,24x43,AGTCACTACTCAATGA,24,43,0.052561638385047814,0.043878251122617756,0.061548729627486115,0.02778681825880147,0.24596671544164853,0.08459015407537449,0.05320860422447126,0.08690269896343228,0.05434508243016928,0.03842711851686619,0.18575798821665013,0.027377957196427622,0.03764824354100704
5x42,5x42,GAATCTGACGCATACA,5,42,0.03131018762136003,0.027181809200886378,0.06561531733275093,0.02903705694180572,0.2727119072740323,0.04371978650534363,0.03820334052612722,0.08438740562013966,0.08958630382217198,0.043108639939377205,0.2235765716757915,0.0197247427188935,0.03183693082132009
28x34,28x34,ACTATGCACAGCGTTA,28,34,0.0847901854785952,0.06550839779698656,0.08458387869718109,0.033328949858902134,0.24530549936459234,0.045771668191581565,0.05404320194603214,0.0889920578152273,0.0619860934046196,0.0386060068457298,0.12986083037871407,0.0385402516962751,0.028682978525563188
1x37,1x37,GCCACATACCGAAGTA,1,37,0.05711531084297938,0.05869820745136435,0.08385538662109862,0.02976015696370917,0.251587617510238,0.061266539311088324,0.05521043378050631,0.07366429353859212,0.06608505429911642,0.0501160627000091,0.1455869334176228,0.026645354795484678,0.04040864876819062
43x14,43x14,CATCAAGTAACCGAGA,43,14,0.3834746972811863,0.02001589683544804,0.0603777771676373,0.021439209504868575,0.10822483520220566,0.020455006479262555,0.022000118970219144,0.07463992513431862,0.028948135696403463,0.022955501299890678,0.1713977427979517,0.05386476223236919,0.012206391398238984
26x43,26x43,AGATCGCACTCAATGA,26,43,0.07348946019487342,0.08927788217806146,0.084180868010125,0.03264648660827682,0.22114966658776797,0.04971077051160645,0.04238894603897134,0.09370029478566791,0.06434529529786334,0.03681206478837581,0.12126690533610325,0.02750215154053494,0.06352920812177242
25x29,25x29,AGCAGGAAATTGAGGA,25,29,0.07371268530924242,0.0824458149513991,0.08166236618301397,0.042777186187987704,0.23111856406829098,0.03998108084603575,0.042688281245358346,0.08894968362706371,0.06500023382281968,0.044957938493812966,0.13663637789965913,0.039376104409144845,0.03069368295617129
31x31,31x31,ACCTCCAAGACTAGTA,31,31,0.09200957260539457,0.06211463303478977,0.07918827186444999,0.039585742453979916,0.22580258776569878,0.05748605040941716,0.05333414547427301,0.08697165341350155,0.0732667423863856,0.03407693905927507,0.12028028565421328,0.03278485796269162,0.04309851791592968
26x40,26x40,AGATCGCACGAACTTA,26,40,0.11696327529751929,0.033169231576552764,0.0451087711318646,0.0244646416292375,0.2601175172346339,0.06222147060908345,0.06934666643221923,0.09155219266963463,0.0563330565525677,0.023158002998271317,0.16581197812550486,0.022663076507158156,0.029090119235752648
19x38,19x38,CAATGGAACCGTGAGA,19,38,0.10458102764365113,0.037838485049372476,0.06837851217051549,0.037808103315392,0.23581231473430175,0.055741042782643184,0.07294165059811253,0.08527346899776073,0.04977848430456491,0.03773322119858437,0.13879853656599564,0.035097644180279136,0.04021750845882661
15x35,15x35,CCAGTTCACATACCAA,15,35,0.08373707212490611,0.03910668535254716,0.047028687724823916,0.04089012839445843,0.2929309975411004,0.042870990007188255,0.05864598081300883,0.08846865498079048,0.034610404458428036,0.03236730230705867,0.17719205963818002,0.03923754373465409,0.02291349292285554
46x6,46x6,ACCACTGTACATTGGC,46,6,0.04651206986568519,0.17555553023840711,0.031522120312945656,0.037272766926575086,0.23882672169036212,0.033711867615309324,0.06251662131641422,0.09700660206943612,0.035687648896470095,0.02490377973685658,0.1549590187047434,0.02358099668992554,0.0379442559368695
8x36,8x36,CTCAATGACCAGTTCA,8,36,0.04007445622196246,0.0681058892834743,0.033946134004802495,0.027660138294128913,0.3096462716610263,0.019817689463476847,0.02423204168347796,0.1404333037360241,0.1090398150859553,0.03310730032854294,0.15577726125862393,0.02232735725354112,0.015832341724963585
6x25,6x25,CTGGCATAAGATCGCA,6,25,0.04899312424154757,0.03824109374477913,0.06808015085244402,0.02909957596891927,0.3477676699590328,0.03379570190694963,0.05942717566788478,0.08657004612577435,0.05212664171960504,0.03030571021402734,0.1454273818915483,0.03551604141576872,0.024649686291718913
29x40,29x40,ACGTATCACGAACTTA,29,40,0.09525718200510609,0.055325971362569906,0.0524011801188444,0.032084804575666925,0.25260343311099825,0.06823199488067445,0.06286319966205531,0.0772825621928847,0.060475644542409,0.03527551050857527,0.12028510815046625,0.03295235945036943,0.05496104943938
25x43,25x43,AGCAGGAACTCAATGA,25,43,0.07081430260828706,0.07701621798765003,0.05547223741014311,0.03129446764810953,0.21435323204567058,0.05183278871167687,0.05755656524162606,0.08430216120620032,0.08774375383920947,0.046161919256255846,0.16003330118340586,0.02544619614738795,0.037972856714377244
23x25,23x25,ATCCTGTAAGATCGCA,23,25,0.03995259190518062,0.08173878353019491,0.024804317661487975,0.019675677426678403,0.18658428876124436,0.13958831916139403,0.056502043856336386,0.08192059344628039,0.06310458994234087,0.015433900448500987,0.23508932800731042,0.023782232496523937,0.031823333356526616
37x37,37x37,AACCGAGACCGAAGTA,37,37,0.07140432836076376,0.05278606476991304,0.08518377396442649,0.036253201043358614,0.2550957379324255,0.062048844468972776,0.058554006685569725,0.0831588289972646,0.06002337816604786,0.03894563290766514,0.12881141976096874,0.0335711290563941,0.034163653886229606
20x25,20x25,GACTAGTAAGATCGCA,20,25,0.056843919654496505,0.05388397119302155,0.10933946149504954,0.027248530160314303,0.2675011299702487,0.024719008929979188,0.03155006588494649,0.11409906905214241,0.06990556630891015,0.02491731348432376,0.16721411792136326,0.02663333920914818,0.026144506736056016
30x30,30x30,ACGCTCGACAACCACA,30,30,0.10619047572129164,0.03907750513207165,0.060537751433845516,0.03493976139336599,0.2867952325165573,0.05787182247945629,0.04981621786593808,0.06999038030675556,0.0451318938170976,0.03901633603623075,0.10285523117288906,0.05631087598637978,0.051466516138120776
31x33,31x33,ACCTCCAACACTTCGA,31,33,0.07446912710273064,0.06650850567070486,0.061463568760179985,0.03692614005007932,0.25865796359461213,0.05260065395341433,0.0442103159254742,0.09116445813041321,0.06579877033771137,0.03660823892233174,0.1265268896232136,0.04332677959165347,0.04173858833748122
29x35,29x35,ACGTATCACATACCAA,29,35,0.04976134909797026,0.1331508690892031,0.06577241037322724,0.03414851670680475,0.2351640965103393,0.058605380654115406,0.03565250568065798,0.05635534026770746,0.06357864118526717,0.041203140303337646,0.1419207522754139,0.03749823531068729,0.0471887625452685
18x31,18x31,CACTTCGAGACTAGTA,18,31,0.09379467606294972,0.05954159633400097,0.05839933851958706,0.021993036791487425,0.2497805695478713,0.052316431625853976,0.07619231140718231,0.07856134643363719,0.07319210472084758,0.03524961304908131,0.13752736405168567,0.023810616998468873,0.039640994457346826
50x10,50x10,AACGTGATACAAGCTA,50,10,0.04907505899994341,0.04557633000429372,0.09379395254818003,0.025359532707225404,0.20608245045504078,0.05443605705159073,0.038142388121798154,0.0948494618622139,0.08194630687091466,0.02868696650717171,0.21971756270829923,0.03427940577999618,0.028054526383332154
44x13,44x13,CAGATCTGAACAACCA,44,13,0.1514181345938511,0.018510617949288665,0.11264942751891467,0.056085697901969475,0.12515198240304715,0.04700604825583793,0.017911993738685003,0.08281170240093115,0.09097836749222475,0.11227916792911705,0.12112815622457047,0.0304167481366103,0.03365195545495249
28x37,28x37,ACTATGCACCGAAGTA,28,37,0.0990239459066471,0.054278856281773494,0.06846143402795704,0.03801370467086724,0.26980502802000317,0.08195087437116971,0.042163311441430415,0.07012107519636972,0.07469931796002291,0.028503632937767455,0.09501324345400403,0.04640677558263491,0.03155880014935276
19x40,19x40,CAATGGAACGAACTTA,19,40,0.09843198483858616,0.04467383248102008,0.0781988781004303,0.03390400774966772,0.24504378900177973,0.04465886255603866,0.043635999346684995,0.07784996564464171,0.07190082002297868,0.03856023451756066,0.13317920543377865,0.03496076449120278,0.055001655815630004
10x49,10x49,CGACTGGAGATAGACA,10,49,0.07353790124165177,0.03673773312471883,0.09594921958300094,0.030658214685030133,0.2570756200065752,0.0618358759381134,0.03916634291462311,0.08968739324113784,0.060295778489906894,0.04250533390527432,0.13688896418917862,0.027597936764197493,0.04806368591659165
19x39,19x39,CAATGGAACCTCCTGA,19,39,0.07284362030756145,0.04184632027596509,0.08042741855602982,0.034547199330242834,0.22523469422456782,0.055973104008071664,0.060090961783873686,0.09693487595915767,0.048950927962000346,0.05163077355108003,0.15309280770034636,0.03538529680893899,0.04304199953216412
29x30,29x30,ACGTATCACAACCACA,29,30,0.08688550439606488,0.04622517681908769,0.08421665794401077,0.03529175917755492,0.28784542350299613,0.03259247800596064,0.038518226822906385,0.07860515004329871,0.04733494002375488,0.05026892158025041,0.12657661690503985,0.045513056935882326,0.040126087843192326
4x41,4x41,CAAGACTACGACTGGA,4,41,0.042461914936893594,0.04007616313652468,0.052231049907072086,0.043323956666729564,0.24756963302040497,0.05514630203560686,0.060759983546274175,0.07065557682750637,0.10491876584474923,0.03337506526621275,0.16517463910492847,0.02826133605092407,0.056045613656173034
4x35,4x35,CAAGACTACATACCAA,4,35,0.07335210866562172,0.06920532848848812,0.06639808016034102,0.029833744534664256,0.23936231588232182,0.033742910121778436,0.049366741688879244,0.09379627607118134,0.062188262117893855,0.02117806937524149,0.17454307100519173,0.034773178996837725,0.052259912891559304
30x33,30x33,ACGCTCGACACTTCGA,30,33,0.11233736434299704,0.05788166740745055,0.062240527170873645,0.03547482873345218,0.2343491510654578,0.064085532178625,0.04758431838346056,0.08955447637392266,0.070778462546839,0.040883002127963634,0.12005332009040956,0.03764297101567112,0.027134378562877356
21x33,21x33,CAACCACACACTTCGA,21,33,0.10779013225532787,0.05752198083531703,0.06558942855548504,0.03768075928274931,0.27969305667854283,0.044198352264218144,0.043391669319051335,0.07221046208118892,0.06774832615285771,0.0334747616254662,0.12840782377635343,0.029207545402228564,0.03308570177121376
27x39,27x39,AGAGTCAACCTCCTGA,27,39,0.09924701191996417,0.046936667935891886,0.06470635043694711,0.034352904188374986,0.19409059363778042,0.03903693484352617,0.05038050930073748,0.0820276101801673,0.05891877117818568,0.04077447069946329,0.19882349449894665,0.03472533423878112,0.05597934694123384
22x29,22x29,ATTGAGGAATTGAGGA,22,29,0.07966433932450889,0.0598533012230966,0.062203748388341196,0.0328366241187231,0.2287630541291004,0.05985527908461345,0.04538799923736606,0.07392994789601177,0.051935376462168566,0.05712571232995599,0.131727775874349,0.04523639265308879,0.07148044927867618
46x49,46x49,ACCACTGTGATAGACA,46,49,0.06854115012949569,0.04312629342539974,0.07332199343071187,0.04074208967094655,0.24696225122932702,0.06981227979472467,0.046085177655856846,0.09882393515780545,0.06115809918712511,0.031977933494338424,0.1443327636591228,0.03822490878608365,0.03689112437906222
26x34,26x34,AGATCGCACAGCGTTA,26,34,0.08884620979229887,0.0711965315492129,0.1055069365557973,0.024654358006394872,0.22162351344967623,0.05878408349201292,0.04006772506444306,0.08791280060227308,0.06942287422497957,0.03360865152430274,0.14145622708862896,0.02507661710780627,0.031843471542173235
26x42,26x42,AGATCGCACGCATACA,26,42,0.0628789644326799,0.0794064355211656,0.06886877993931995,0.031079670070611895,0.27119447391667806,0.04382986522646645,0.0567969160438172,0.07206872876866248,0.05501544533417463,0.05916093548157829,0.14589010382303277,0.02763124046615696,0.026178440975655897
16x15,16x15,CATACCAAAACGCTTA,16,15,0.048097104900959135,0.04193986874157813,0.09276100650518472,0.026065301450362777,0.2739081268670096,0.03128432076235986,0.03603426517315638,0.084167100793129,0.1357658933123501,0.029039315788242037,0.1521157914401858,0.031198410598434274,0.017623493667048254
28x42,28x42,ACTATGCACGCATACA,28,42,0.09538800687161429,0.07210810236680876,0.079243315035685,0.02313832808649203,0.26536513690361846,0.0707870899755739,0.04547741935801949,0.08541994278958032,0.05106880689027507,0.043061997559032575,0.10854634473171994,0.02369730499530269,0.03669820443627731
23x43,23x43,ATCCTGTACTCAATGA,23,43,0.06054552755306939,0.060205781219765615,0.11005914799953619,0.04769733263072919,0.2293756277670933,0.07623302450739722,0.03849392745654571,0.10725718166171734,0.04380814023561291,0.02487492127912335,0.13064624720146664,0.040643740018211354,0.030159400469731777
34x35,34x35,AAGGTACACATACCAA,34,35,0.059933853775850206,0.07483406579730172,0.05958658839630792,0.03480615031480283,0.2294637305319839,0.04168131592709371,0.04521019402765532,0.09476767221759687,0.06082620728620746,0.031330683545337815,0.20183502202393888,0.033549372175013116,0.032175143980910134
35x33,35x33,AAGACGGACACTTCGA,35,33,0.06001154826692786,0.05320434012429782,0.05905004658676698,0.028516933376115904,0.296777324486204,0.051352402569647786,0.06243741864883762,0.07492234583255501,0.06341796578850362,0.03797434918408545,0.1439236560366785,0.022108242836650582,0.04630342626272866
26x28,26x28,AGATCGCAATCCTGTA,26,28,0.1288243117404653,0.06689998292971185,0.06772551428742933,0.024198636202020788,0.2652038375749106,0.06199865028354343,0.04803953307948082,0.07097347357592229,0.07506681816442748,0.03021214542211122,0.09918988548172411,0.028061192838917847,0.033606018419334846
18x39,18x39,CACTTCGACCTCCTGA,18,39,0.06625462878655708,0.05064815758660397,0.0734883495283775,0.03646826192233957,0.22458708126522509,0.06534181456592318,0.049789557899823325,0.06118087646818688,0.10118560220657542,0.024331891723509996,0.1750787870824543,0.038216599432789385,0.03342839153163442
27x23,27x23,AGAGTCAAACTATGCA,27,23,0.05023656555490364,0.045172846695339414,0.021804718393132576,0.01755977410441805,0.33403757298817105,0.016961690457945256,0.033860969836154595,0.07848335436220892,0.033991756510798034,0.025273037609078508,0.30595844345739576,0.01890332557164098,0.0177559444588133
36x32,36x32,AACGCTTACAATGGAA,36,32,0.07721914364839406,0.05785089907272487,0.06698427482344838,0.03940038996879103,0.21103320986569293,0.07234008508338921,0.051625853308516885,0.09133647810950936,0.07258323121765052,0.04042616166477937,0.14547128068378878,0.03308788792083766,0.0406411046324769
37x32,37x32,AACCGAGACAATGGAA,37,32,0.06979332764582481,0.0474967640964045,0.08356189233793214,0.03137016198788366,0.2637631754765846,0.04487112027000847,0.03453253216674223,0.09134703558103932,0.06458123008640382,0.04294172681057764,0.17247164956641833,0.025559381449908627,0.027710002524271807
30x41,30x41,ACGCTCGACGACTGGA,30,41,0.058456721502602206,0.08401920374623179,0.08142356108918493,0.03790186665326476,0.2568631064038596,0.03809692372716334,0.03020038620699613,0.0907252945567823,0.0649704114978555,0.025180263940950406,0.1493127684779003,0.0370625355054368,0.04578695669177193
18x35,18x35,CACTTCGACATACCAA,18,35,0.048141878751213195,0.0522860261799829,0.07393827380718365,0.025503285869937484,0.26660864574320825,0.05096095742942834,0.07918344435947887,0.07823104657997194,0.08459297154247544,0.042726870659517684,0.12273679572733477,0.022663077184287405,0.05242672616598006
18x38,18x38,CACTTCGACCGTGAGA,18,38,0.07657914375548477,0.058805652514588684,0.06458951095878518,0.04537302455147775,0.21085265850715243,0.06705191905146977,0.05675023908608304,0.10296704036882418,0.0685083688145703,0.03717290576639343,0.13720959488163234,0.03171703720055586,0.04242290454298223
1x22,1x22,GCCACATAACGTATCA,1,22,0.0734841927231186,0.04656473881608637,0.15463951730757494,0.02263979685188942,0.24853549339112557,0.046600385010903925,0.035094367216589574,0.09762006239254616,0.060280709110519824,0.027013800955269177,0.13424663914614252,0.03343714547225579,0.019843151605978132
27x33,27x33,AGAGTCAACACTTCGA,27,33,0.0874821763274823,0.08213670073201279,0.0633521411449753,0.032431712370021674,0.23820788319362304,0.053659448238437275,0.04954537163558659,0.10019972804421548,0.0775002097371283,0.03455216621876663,0.11091883944974537,0.030475095296481222,0.039538527611523884
11x50,11x50,CGAACTTAGCCACATA,11,50,0.061405274732097045,0.05496820259886458,0.05997962224572359,0.0376047200375636,0.23027431177375063,0.05424421581427981,0.06342842486221847,0.10003025275996896,0.05533737491775899,0.037336575559757564,0.15429921168083777,0.03854871432831863,0.05254309868886026
30x40,30x40,ACGCTCGACGAACTTA,30,40,0.08146383851020893,0.06951566965999431,0.07045810653419383,0.0398818710643769,0.2341004850757034,0.05527713507995524,0.0515548195920009,0.09292933100420118,0.06114375315792202,0.043453485902649275,0.11683225194232566,0.050810029520029935,0.03257922295643833
29x24,29x24,ACGTATCAAGAGTCAA,29,24,0.06855385100954736,0.06609907196893008,0.08178083878061963,0.037060851663259224,0.22656070344387746,0.0505470516385561,0.05360591247203062,0.07654187087186501,0.07035877862079523,0.03929781833210852,0.14578382263283396,0.03882516556558868,0.04498426299998808
31x41,31x41,ACCTCCAACGACTGGA,31,41,0.09774991255838293,0.04726256706688983,0.08046091293341527,0.02464796493366714,0.2740950808845712,0.04476008062374157,0.04594867575639073,0.09294189247019366,0.07052101018990646,0.03181256989252672,0.1073717896538518,0.03314622934141758,0.049281313695045126
1x26,1x26,GCCACATAAGCAGGAA,1,26,0.058680150583356724,0.08131263238690804,0.08963608892246208,0.034792283038213204,0.25304997526731254,0.03182032986831181,0.03536164936544753,0.09114975623953311,0.0754856666556589,0.03630515631245635,0.1274537355951075,0.04905004619105669,0.03590252957417551
26x19,26x19,AGATCGCAACAGCAGA,26,19,0.1076486380935227,0.10156169909048139,0.041656062459565865,0.04435409850273939,0.23416097054084412,0.04205802299541784,0.03806589366580793,0.07212866018687997,0.05084060246048887,0.021920459418805185,0.1670304409809919,0.03174474121507299,0.04682971038938175
29x38,29x38,ACGTATCACCGTGAGA,29,38,0.07325631859564721,0.06297139507652892,0.061751297841460745,0.03293388374308579,0.22706398326869404,0.04168742405454959,0.04734121104890481,0.09180320629644498,0.0748856114557482,0.04774638507491179,0.15584759978980997,0.03649394361994392,0.046217740134270054
49x12,49x12,AAACATCGAGTACAAG,49,12,0.016997985212343494,0.038335872321723904,0.05051755833995064,0.017246803367211485,0.2371911365151146,0.16290484091014246,0.053153902307469914,0.07081693107292736,0.15820165582409712,0.01513982542446862,0.1267272756604209,0.019603891292611246,0.033162321751518085
40x12,40x12,CTGTAGCCAGTACAAG,40,12,0.2349574439359254,0.0383496277867033,0.05031569870583336,0.034715522337980455,0.20698838109033085,0.021728943667968122,0.05425749490373211,0.09317788944784186,0.04187359264484972,0.026961464549311146,0.1313567735121764,0.0389181159224435,0.026399051494903687
39x33,39x33,AGTACAAGCACTTCGA,39,33,0.16784796567537932,0.03593600328323337,0.05946807589936542,0.01687781546297323,0.22029073694383544,0.08545952152314225,0.03566004764185641,0.09943236534154265,0.05555612854041911,0.020491578031274067,0.1654171379244496,0.016862747630033908,0.02069987610249541
37x39,37x39,AACCGAGACCTCCTGA,37,39,0.09047467725566442,0.058640495348210746,0.05769515455389996,0.042272461303792246,0.23397752135926045,0.056615677676619826,0.048455788666278074,0.09421873621811098,0.06332704542050076,0.029603219291576922,0.1410315075277023,0.043826060072186666,0.03986165530619657
29x27,29x27,ACGTATCAAGTCACTA,29,27,0.05461490736247475,0.06128407571851429,0.048854221818278226,0.03765532082191028,0.15481377034335078,0.03415330279452833,0.04082154876095884,0.05685403402665736,0.04172884071220475,0.1691422644947947,0.2060396514467242,0.037179342854204364,0.05685871884539926
23x31,23x31,ATCCTGTAGACTAGTA,23,31,0.10029424749851681,0.08232996895034884,0.06113773098467663,0.024342930673440705,0.2349357588593462,0.047833762448096756,0.03389336236003393,0.08971163541170926,0.04096079282603819,0.03828814381730954,0.18696377239958464,0.027797576615433778,0.03151031715546482
24x41,24x41,AGTCACTACGACTGGA,24,41,0.058453842918165244,0.044541150213229505,0.08745452536411147,0.02597836479648594,0.2665414068872685,0.0417208792034426,0.048137836840326714,0.08897769752367451,0.06546184504860868,0.043135337482337506,0.1570621041916724,0.024211881561535628,0.0483231279691411
28x39,28x39,ACTATGCACCTCCTGA,28,39,0.07695265274598517,0.04523699864287025,0.06246739861203817,0.04231043797512398,0.22582402401865084,0.0679241255506931,0.04995144916640654,0.0886419138664311,0.06104335553438331,0.04610509618450666,0.15138222087091216,0.04016093898998459,0.04199938784201418
32x28,32x28,ACAGCAGAATCCTGTA,32,28,0.05325867524429987,0.014729351156776597,0.05486022904388426,0.029119602979419977,0.13421262757722036,0.06774578516086346,0.018397173434338866,0.10019985743905675,0.05160473891952183,0.05428868595198759,0.373989015791497,0.024258799642388633,0.023335457658744854
25x38,25x38,AGCAGGAACCGTGAGA,25,38,0.06779322234883321,0.09598851102230657,0.03633510155702206,0.058090564007243654,0.23867161133850812,0.08073488610460472,0.032904888196673594,0.08440139129004175,0.024676361873955686,0.04368124799140805,0.14731458090202176,0.040949792802851305,0.048457840564529446
18x33,18x33,CACTTCGACACTTCGA,18,33,0.07390014421150326,0.05282295216203019,0.08935619735506399,0.02869772337575761,0.2516083390853486,0.057520926042090144,0.049352427432752886,0.07409048006919748,0.06917228975134211,0.04891041937586065,0.14287188988599905,0.029957378457159293,0.03173883279589467
16x29,16x29,CATACCAAATTGAGGA,16,29,0.09884007041084755,0.03211455021421893,0.04798494470605511,0.03761500509968641,0.18825096624994453,0.046054780661140465,0.07211648266176413,0.09027535227059227,0.050473835684432776,0.05737360950318572,0.2004884339468125,0.04327146645541156,0.03514050213590808
31x36,31x36,ACCTCCAACCAGTTCA,31,36,0.07423562192913001,0.05575524559533118,0.11035359775293717,0.024238589420609986,0.26390257629500047,0.03033748329407807,0.0355192177579884,0.06569798710516558,0.059027244776320646,0.059523886373644724,0.14206541729438588,0.026159624573205306,0.05318350783220275
37x5,37x5,AACCGAGAACCACTGT,37,5,0.052046351066424315,0.0703026759210096,0.09492481665646121,0.030647944809158837,0.19484487390362212,0.039015741681000714,0.03703586436453054,0.11230166274552451,0.06173624092028852,0.061670629959469585,0.17836134680265261,0.03815434928104408,0.028957501888813224
3x33,3x33,GAGCTGAACACTTCGA,3,33,0.08264131738123218,0.024610493769568205,0.1267369967803242,0.030391271828118686,0.2215618909253983,0.03337118211257523,0.020885064531581517,0.12364258112231637,0.13610793573547617,0.018060834065850944,0.12538044588284072,0.031030934468283294,0.025579051396434016
31x30,31x30,ACCTCCAACAACCACA,31,30,0.08570533767480173,0.06009767904552539,0.08057862323636351,0.03635569267064603,0.22986461805160982,0.056601493464302134,0.05120901635798096,0.08364759000980677,0.05068148455074646,0.04149785540861984,0.13485764246657894,0.037699313126404364,0.0512036539366141
25x33,25x33,AGCAGGAACACTTCGA,25,33,0.08532793061928878,0.07776283025460072,0.05408473828158017,0.03476105905922727,0.21170486934250196,0.059503302331100356,0.05550082220888813,0.08309657132941184,0.07682332852446187,0.039845416837292674,0.13691733789754487,0.037863659658389205,0.04680813365571226
32x30,32x30,ACAGCAGACAACCACA,32,30,0.024970696306952925,0.08208741729816296,0.09119558402861484,0.021927826119822802,0.15438913507606178,0.02312174379592491,0.041107500989222175,0.07198423600343397,0.03664252593099498,0.22764249327520916,0.15413189962909887,0.025004115980766625,0.04579482556573397
28x50,28x50,ACTATGCAGCCACATA,28,50,0.05174183231929324,0.07906088408327941,0.07520225684997196,0.03260162529999906,0.24014561476384258,0.047831715013169525,0.0662932313407767,0.0956959971133495,0.05216522958797474,0.026698047550135398,0.13828673634081645,0.034282365597536425,0.05999446413985505
18x44,18x44,CACTTCGACTGAGCCA,18,44,0.03886923567032644,0.04533424193131302,0.1103165375496796,0.023081279822762445,0.20605587293744304,0.0555506727029316,0.05280562369550622,0.12529284765557133,0.0601366778284546,0.02740910318056732,0.16846136668583428,0.029435750407024015,0.05725078993258611
43x38,43x38,CATCAAGTCCGTGAGA,43,38,0.06659694411176122,0.03379642149320783,0.028777574269952106,0.04907407909814599,0.17902215704421465,0.0823799206055024,0.06277762270374676,0.1340399050144681,0.05141309158907786,0.017681981637539954,0.19724730267653434,0.027005159020396845,0.07018784073545209
24x27,24x27,AGTCACTAAGTCACTA,24,27,0.11481517725799854,0.049738936145052266,0.0607556399728006,0.02567262182768987,0.31257132584630976,0.03612126650617769,0.04418904031886409,0.06603444474845648,0.06405752151684523,0.03975822212158763,0.1336335545988968,0.02489698443724961,0.02775526470207131
1x33,1x33,GCCACATACACTTCGA,1,33,0.09615052559417836,0.06225284062702768,0.052807211189724076,0.03388735843012119,0.26281700215736686,0.043088999485771544,0.04868528163988473,0.07346593611089955,0.06308647775587738,0.041085141940820046,0.11867396972832266,0.03490479224544287,0.0690944630945631
34x32,34x32,AAGGTACACAATGGAA,34,32,0.09144922411532302,0.057810208914879584,0.06933492043496568,0.03111901630688958,0.262923076964727,0.048438589230103926,0.03700424774429901,0.10011897028113433,0.05663436772676923,0.030966637799999804,0.11963850029118725,0.03616822123202342,0.05839401895769839
28x33,28x33,ACTATGCACACTTCGA,28,33,0.07669575916546023,0.05967183696715701,0.06488607212411648,0.03757606105456252,0.25197430794262254,0.05364391321441832,0.0546390231458555,0.09595650139455737,0.07772848051058277,0.03819482025726144,0.12301871817677326,0.0348149333190771,0.03119957272755525
20x35,20x35,GACTAGTACATACCAA,20,35,0.04565954122692313,0.08959240899961297,0.051090637143631545,0.03734128558672599,0.23430416466496615,0.03261420759032806,0.035272581973878836,0.05896596981831001,0.06250513614242448,0.04553642808585496,0.21942299236413051,0.03223261753042913,0.0554620288727842
30x28,30x28,ACGCTCGAATCCTGTA,30,28,0.04676274191474811,0.048001114682806684,0.05133845739135501,0.017950108150783337,0.265312886749907,0.03971937306914818,0.02049480286376448,0.06995324407652984,0.04423884726998931,0.0585471081657063,0.2428765497616903,0.01982865362573006,0.07497611227784134
31x13,31x13,ACCTCCAAAACAACCA,31,13,0.0712953136713236,0.02458254133148193,0.1229197830837547,0.025239206529033328,0.32894291790856817,0.0508989054371313,0.0335232049778134,0.07449927113390802,0.055128158162667036,0.030949375467146822,0.10816133965904785,0.02714188551385138,0.04671809712427242
33x31,33x31,ACACAGAAGACTAGTA,33,31,0.025623916484569877,0.021805455385351148,0.03084280596650321,0.025376785041934104,0.1847217352772935,0.029337695015708272,0.02545051728138092,0.040549709872016594,0.022804178512954493,0.31839923425740524,0.11470390780233032,0.017792076271163287,0.14259198283138905
20x37,20x37,GACTAGTACCGAAGTA,20,37,0.08594573931491117,0.055499617535827356,0.08462332457145709,0.04180607468542748,0.22823646651249738,0.053482613664326877,0.05838329841288889,0.07942689121607092,0.06517388681638023,0.04311480148040072,0.11990535030519375,0.03985185942957076,0.0445500760550472
28x31,28x31,ACTATGCAGACTAGTA,28,31,0.09589628717205216,0.06337873747541517,0.09387029864911342,0.029327917424343458,0.25671133219946757,0.04482240818586189,0.045328169664897534,0.07819832676751089,0.06480167505009166,0.03654192389275851,0.12658286530582596,0.028688842005475407,0.035851216207186384
17x49,17x49,CAGCGTTAGATAGACA,17,49,0.0602561606549136,0.03778335945743297,0.13172960622149377,0.03066371396495355,0.287859771175977,0.0401081019319888,0.028836279190140535,0.08710931877762947,0.07211770511070247,0.03036996711339549,0.14273913950271047,0.02482876580716164,0.025598111091500442
20x29,20x29,GACTAGTAATTGAGGA,20,29,0.08345141050404341,0.05585094299814733,0.07099079012892781,0.03130238344951277,0.24625665776944675,0.047873205691518865,0.0675955948508325,0.07710528174984566,0.06890894392650992,0.04110387006172344,0.1432492836059647,0.0325426343536936,0.03376900090983329
8x47,8x47,CTCAATGACAAGACTA,8,47,0.07798621719650163,0.06021865797413704,0.07597047784812912,0.02969829740650221,0.2250687619531818,0.05641712422692884,0.034808666414780476,0.06561462778770842,0.054584962547380045,0.03373818221193875,0.21363608013889399,0.031236603361071636,0.041021340932846026
23x33,23x33,ATCCTGTACACTTCGA,23,33,0.05761568524950933,0.04901052916409838,0.07734563373966435,0.03642320567338603,0.2827431275751173,0.05706247546293956,0.06618799763252141,0.0624341346847438,0.0864356650264938,0.035772429897456846,0.12136237170831768,0.031926547736461204,0.035680196449290325
49x1,49x1,AAACATCGAACGTGAT,49,1,0.05422119643591715,0.04543686368248175,0.06587492838962787,0.03687282130006336,0.21444044237055593,0.0680983867239317,0.053681964392718017,0.09468533455667243,0.07248378478249934,0.04335368339477304,0.168291620618309,0.029361545184427205,0.05319742816802333
32x31,32x31,ACAGCAGAGACTAGTA,32,31,0.08639267087779356,0.045541462255229044,0.07970640312319427,0.030144077072211325,0.2755277398009128,0.044258135227878886,0.04699300984752548,0.08260960813240584,0.04969024098086845,0.04794356388724747,0.1236771229309657,0.0425623508625608,0.04495361500120649
22x8,22x8,ATTGAGGACATCAAGT,22,8,0.04744103126209863,0.05926950005005769,0.04939484731544691,0.06049942157306662,0.17665973577944033,0.03795555530198679,0.061532636197765146,0.1104741466174241,0.05019226396810029,0.03343354799583645,0.10862527726712688,0.03601169904733914,0.16851033762431106
18x30,18x30,CACTTCGACAACCACA,18,30,0.07138882107702021,0.06175877382326546,0.07362421155701689,0.04025100971080784,0.2313767219681665,0.05586236762064533,0.0709916173961359,0.07845410086301507,0.053643418072742144,0.040188039954254476,0.1531151876525317,0.04044459877114975,0.02890113153324875
36x40,36x40,AACGCTTACGAACTTA,36,40,0.05362942946958148,0.03942961695455253,0.049648859227456175,0.020315945934143292,0.37676626992099316,0.029860202574119768,0.047712538790046,0.07680387859199714,0.062159253751442906,0.025016919774063204,0.15970241563557078,0.022021922726579057,0.03693274664945467
